55 110
55 124
56 138
58 151
62 164
69 175
79 184
90 190
103 192
118 191
132 185
145 178
156 168
163 155
167 140
169 124
170 108
60 94
65 87
74 84
85 84
94 88
109 87
120 83
132 82
144 85
152 92
101 100
100 107
99 113
97 120
90 135
95 136
100 136
105 135
111 135
70 104
75 100
83 100
90 105
83 106
75 107
119 104
125 98
133 98
140 102
134 105
126 105
84 161
90 154
96 150
100 151
105 149
113 153
122 159
113 162
106 163
101 163
96 163
90 163
88 160
96 156
100 156
105 156
118 159
105 156
100 156
96 156
68 60
76 53
89 53
106 53
136 52
150 60
164 86
60 79
65 65
57 109
168 106
155 68
128 54
